0000000000000000
0000000000001111
0000000000110011
0000000000111100
0000000001010101
0000000001011010
0000000001100110
0000000001101001
0000000010010110
0000000010011001
0000000010100101
0000000010101010
0000000011000011
0000000011001100
0000000011110000
0000000011111111
0000001100000011
0000001100001100
0000001100110000
0000001100111111
0000001101010110
0000001101011001
0000001101100101
0000001101101010
0000001110010101
0000001110011010
0000001110100110
0000001110101001
0000001111000000
0000001111001111
0000001111110011
0000001111111100
0000010100000101
0000010100001010
0000010100110110
0000010100111001
0000010101010000
0000010101011111
0000010101100011
0000010101101100
0000010110010011
0000010110011100
0000010110100000
0000010110101111
0000010111000110
0000010111001001
0000010111110101
0000010111111010
0000011000000110
0000011000001001
0000011000110101
0000011000111010
0000011001010011
0000011001011100
0000011001100000
0000011001101111
0000011010010000
0000011010011111
0000011010100011
0000011010101100
0000011011000101
0000011011001010
0000011011110110
0000011011111001
0000100100000110
0000100100001001
0000100100110101
0000100100111010
0000100101010011
0000100101011100
0000100101100000
0000100101101111
0000100110010000
0000100110011111
0000100110100011
0000100110101100
0000100111000101
0000100111001010
0000100111110110
0000100111111001
0000101000000101
0000101000001010
0000101000110110
0000101000111001
0000101001010000
0000101001011111
0000101001100011
0000101001101100
0000101010010011
0000101010011100
0000101010100000
0000101010101111
0000101011000110
0000101011001001
0000101011110101
0000101011111010
0000110000000011
0000110000001100
0000110000110000
0000110000111111
0000110001010110
0000110001011001
0000110001100101
0000110001101010
0000110010010101
0000110010011010
0000110010100110
0000110010101001
0000110011000000
0000110011001111
0000110011110011
0000110011111100
0000111100000000
0000111100001111
0000111100110011
0000111100111100
0000111101010101
0000111101011010
0000111101100110
0000111101101001
0000111110010110
0000111110011001
0000111110100101
0000111110101010
0000111111000011
0000111111001100
0000111111110000
0000111111111111
0001000100010001
0001000100011110
0001000100100010
0001000100101101
0001000101000100
0001000101001011
0001000101110111
0001000101111000
0001000110000111
0001000110001000
0001000110110100
0001000110111011
0001000111010010
0001000111011101
0001000111100001
0001000111101110
0001001000010010
0001001000011101
0001001000100001
0001001000101110
0001001001000111
0001001001001000
0001001001110100
0001001001111011
0001001010000100
0001001010001011
0001001010110111
0001001010111000
0001001011010001
0001001011011110
0001001011100010
0001001011101101
0001010000010100
0001010000011011
0001010000100111
0001010000101000
0001010001000001
0001010001001110
0001010001110010
0001010001111101
0001010010000010
0001010010001101
0001010010110001
0001010010111110
0001010011010111
0001010011011000
0001010011100100
0001010011101011
0001011100010111
0001011100011000
0001011100100100
0001011100101011
0001011101000010
0001011101001101
0001011101110001
0001011101111110
0001011110000001
0001011110001110
0001011110110010
0001011110111101
0001011111010100
0001011111011011
0001011111100111
0001011111101000
0001100000010111
0001100000011000
0001100000100100
0001100000101011
0001100001000010
0001100001001101
0001100001110001
0001100001111110
0001100010000001
0001100010001110
0001100010110010
0001100010111101
0001100011010100
0001100011011011
0001100011100111
0001100011101000
0001101100010100
0001101100011011
0001101100100111
0001101100101000
0001101101000001
0001101101001110
0001101101110010
0001101101111101
0001101110000010
0001101110001101
0001101110110001
0001101110111110
0001101111010111
0001101111011000
0001101111100100
0001101111101011
0001110100010010
0001110100011101
0001110100100001
0001110100101110
0001110101000111
0001110101001000
0001110101110100
0001110101111011
0001110110000100
0001110110001011
0001110110110111
0001110110111000
0001110111010001
0001110111011110
0001110111100010
0001110111101101
0001111000010001
0001111000011110
0001111000100010
0001111000101101
0001111001000100
0001111001001011
0001111001110111
0001111001111000
0001111010000111
0001111010001000
0001111010110100
0001111010111011
0001111011010010
0001111011011101
0001111011100001
0001111011101110
0010000100010010
0010000100011101
0010000100100001
0010000100101110
0010000101000111
0010000101001000
0010000101110100
0010000101111011
0010000110000100
0010000110001011
0010000110110111
0010000110111000
0010000111010001
0010000111011110
0010000111100010
0010000111101101
0010001000010001
0010001000011110
0010001000100010
0010001000101101
0010001001000100
0010001001001011
0010001001110111
0010001001111000
0010001010000111
0010001010001000
0010001010110100
0010001010111011
0010001011010010
0010001011011101
0010001011100001
0010001011101110
0010010000010111
0010010000011000
0010010000100100
0010010000101011
0010010001000010
0010010001001101
0010010001110001
0010010001111110
0010010010000001
0010010010001110
0010010010110010
0010010010111101
0010010011010100
0010010011011011
0010010011100111
0010010011101000
0010011100010100
0010011100011011
0010011100100111
0010011100101000
0010011101000001
0010011101001110
0010011101110010
0010011101111101
0010011110000010
0010011110001101
0010011110110001
0010011110111110
0010011111010111
0010011111011000
0010011111100100
0010011111101011
0010100000010100
0010100000011011
0010100000100111
0010100000101000
0010100001000001
0010100001001110
0010100001110010
0010100001111101
0010100010000010
0010100010001101
0010100010110001
0010100010111110
0010100011010111
0010100011011000
0010100011100100
0010100011101011
0010101100010111
0010101100011000
0010101100100100
0010101100101011
0010101101000010
0010101101001101
0010101101110001
0010101101111110
0010101110000001
0010101110001110
0010101110110010
0010101110111101
0010101111010100
0010101111011011
0010101111100111
0010101111101000
0010110100010001
0010110100011110
0010110100100010
0010110100101101
0010110101000100
0010110101001011
0010110101110111
0010110101111000
0010110110000111
0010110110001000
0010110110110100
0010110110111011
0010110111010010
0010110111011101
0010110111100001
0010110111101110
0010111000010010
0010111000011101
0010111000100001
0010111000101110
0010111001000111
0010111001001000
0010111001110100
0010111001111011
0010111010000100
0010111010001011
0010111010110111
0010111010111000
0010111011010001
0010111011011110
0010111011100010
0010111011101101
0011000000000011
0011000000001100
0011000000110000
0011000000111111
0011000001010110
0011000001011001
0011000001100101
0011000001101010
0011000010010101
0011000010011010
0011000010100110
0011000010101001
0011000011000000
0011000011001111
0011000011110011
0011000011111100
0011001100000000
0011001100001111
0011001100110011
0011001100111100
0011001101010101
0011001101011010
0011001101100110
0011001101101001
0011001110010110
0011001110011001
0011001110100101
0011001110101010
0011001111000011
0011001111001100
0011001111110000
0011001111111111
0011010100000110
0011010100001001
0011010100110101
0011010100111010
0011010101010011
0011010101011100
0011010101100000
0011010101101111
0011010110010000
0011010110011111
0011010110100011
0011010110101100
0011010111000101
0011010111001010
0011010111110110
0011010111111001
0011011000000101
0011011000001010
0011011000110110
0011011000111001
0011011001010000
0011011001011111
0011011001100011
0011011001101100
0011011010010011
0011011010011100
0011011010100000
0011011010101111
0011011011000110
0011011011001001
0011011011110101
0011011011111010
0011100100000101
0011100100001010
0011100100110110
0011100100111001
0011100101010000
0011100101011111
0011100101100011
0011100101101100
0011100110010011
0011100110011100
0011100110100000
0011100110101111
0011100111000110
0011100111001001
0011100111110101
0011100111111010
0011101000000110
0011101000001001
0011101000110101
0011101000111010
0011101001010011
0011101001011100
0011101001100000
0011101001101111
0011101010010000
0011101010011111
0011101010100011
0011101010101100
0011101011000101
0011101011001010
0011101011110110
0011101011111001
0011110000000000
0011110000001111
0011110000110011
0011110000111100
0011110001010101
0011110001011010
0011110001100110
0011110001101001
0011110010010110
0011110010011001
0011110010100101
0011110010101010
0011110011000011
0011110011001100
0011110011110000
0011110011111111
0011111100000011
0011111100001100
0011111100110000
0011111100111111
0011111101010110
0011111101011001
0011111101100101
0011111101101010
0011111110010101
0011111110011010
0011111110100110
0011111110101001
0011111111000000
0011111111001111
0011111111110011
0011111111111100
0100000100010100
0100000100011011
0100000100100111
0100000100101000
0100000101000001
0100000101001110
0100000101110010
0100000101111101
0100000110000010
0100000110001101
0100000110110001
0100000110111110
0100000111010111
0100000111011000
0100000111100100
0100000111101011
0100001000010111
0100001000011000
0100001000100100
0100001000101011
0100001001000010
0100001001001101
0100001001110001
0100001001111110
0100001010000001
0100001010001110
0100001010110010
0100001010111101
0100001011010100
0100001011011011
0100001011100111
0100001011101000
0100010000010001
0100010000011110
0100010000100010
0100010000101101
0100010001000100
0100010001001011
0100010001110111
0100010001111000
0100010010000111
0100010010001000
0100010010110100
0100010010111011
0100010011010010
0100010011011101
0100010011100001
0100010011101110
0100011100010010
0100011100011101
0100011100100001
0100011100101110
0100011101000111
0100011101001000
0100011101110100
0100011101111011
0100011110000100
0100011110001011
0100011110110111
0100011110111000
0100011111010001
0100011111011110
0100011111100010
0100011111101101
0100100000010010
0100100000011101
0100100000100001
0100100000101110
0100100001000111
0100100001001000
0100100001110100
0100100001111011
0100100010000100
0100100010001011
0100100010110111
0100100010111000
0100100011010001
0100100011011110
0100100011100010
0100100011101101
0100101100010001
0100101100011110
0100101100100010
0100101100101101
0100101101000100
0100101101001011
0100101101110111
0100101101111000
0100101110000111
0100101110001000
0100101110110100
0100101110111011
0100101111010010
0100101111011101
0100101111100001
0100101111101110
0100110100010111
0100110100011000
0100110100100100
0100110100101011
0100110101000010
0100110101001101
0100110101110001
0100110101111110
0100110110000001
0100110110001110
0100110110110010
0100110110111101
0100110111010100
0100110111011011
0100110111100111
0100110111101000
0100111000010100
0100111000011011
0100111000100111
0100111000101000
0100111001000001
0100111001001110
0100111001110010
0100111001111101
0100111010000010
0100111010001101
0100111010110001
0100111010111110
0100111011010111
0100111011011000
0100111011100100
0100111011101011
0101000000000101
0101000000001010
0101000000110110
0101000000111001
0101000001010000
0101000001011111
0101000001100011
0101000001101100
0101000010010011
0101000010011100
0101000010100000
0101000010101111
0101000011000110
0101000011001001
0101000011110101
0101000011111010
0101001100000110
0101001100001001
0101001100110101
0101001100111010
0101001101010011
0101001101011100
0101001101100000
0101001101101111
0101001110010000
0101001110011111
0101001110100011
0101001110101100
0101001111000101
0101001111001010
0101001111110110
0101001111111001
0101010100000000
0101010100001111
0101010100110011
0101010100111100
0101010101010101
0101010101011010
0101010101100110
0101010101101001
0101010110010110
0101010110011001
0101010110100101
0101010110101010
0101010111000011
0101010111001100
0101010111110000
0101010111111111
0101011000000011
0101011000001100
0101011000110000
0101011000111111
0101011001010110
0101011001011001
0101011001100101
0101011001101010
0101011010010101
0101011010011010
0101011010100110
0101011010101001
0101011011000000
0101011011001111
0101011011110011
0101011011111100
0101100100000011
0101100100001100
0101100100110000
0101100100111111
0101100101010110
0101100101011001
0101100101100101
0101100101101010
0101100110010101
0101100110011010
0101100110100110
0101100110101001
0101100111000000
0101100111001111
0101100111110011
0101100111111100
0101101000000000
0101101000001111
0101101000110011
0101101000111100
0101101001010101
0101101001011010
0101101001100110
0101101001101001
0101101010010110
0101101010011001
0101101010100101
0101101010101010
0101101011000011
0101101011001100
0101101011110000
0101101011111111
0101110000000110
0101110000001001
0101110000110101
0101110000111010
0101110001010011
0101110001011100
0101110001100000
0101110001101111
0101110010010000
0101110010011111
0101110010100011
0101110010101100
0101110011000101
0101110011001010
0101110011110110
0101110011111001
0101111100000101
0101111100001010
0101111100110110
0101111100111001
0101111101010000
0101111101011111
0101111101100011
0101111101101100
0101111110010011
0101111110011100
0101111110100000
0101111110101111
0101111111000110
0101111111001001
0101111111110101
0101111111111010
0110000000000110
0110000000001001
0110000000110101
0110000000111010
0110000001010011
0110000001011100
0110000001100000
0110000001101111
0110000010010000
0110000010011111
0110000010100011
0110000010101100
0110000011000101
0110000011001010
0110000011110110
0110000011111001
0110001100000101
0110001100001010
0110001100110110
0110001100111001
0110001101010000
0110001101011111
0110001101100011
0110001101101100
0110001110010011
0110001110011100
0110001110100000
0110001110101111
0110001111000110
0110001111001001
0110001111110101
0110001111111010
0110010100000011
0110010100001100
0110010100110000
0110010100111111
0110010101010110
0110010101011001
0110010101100101
0110010101101010
0110010110010101
0110010110011010
0110010110100110
0110010110101001
0110010111000000
0110010111001111
0110010111110011
0110010111111100
0110011000000000
0110011000001111
0110011000110011
0110011000111100
0110011001010101
0110011001011010
0110011001100110
0110011001101001
0110011010010110
0110011010011001
0110011010100101
0110011010101010
0110011011000011
0110011011001100
0110011011110000
0110011011111111
0110100100000000
0110100100001111
0110100100110011
0110100100111100
0110100101010101
0110100101011010
0110100101100110
0110100101101001
0110100110010110
0110100110011001
0110100110100101
0110100110101010
0110100111000011
0110100111001100
0110100111110000
0110100111111111
0110101000000011
0110101000001100
0110101000110000
0110101000111111
0110101001010110
0110101001011001
0110101001100101
0110101001101010
0110101010010101
0110101010011010
0110101010100110
0110101010101001
0110101011000000
0110101011001111
0110101011110011
0110101011111100
0110110000000101
0110110000001010
0110110000110110
0110110000111001
0110110001010000
0110110001011111
0110110001100011
0110110001101100
0110110010010011
0110110010011100
0110110010100000
0110110010101111
0110110011000110
0110110011001001
0110110011110101
0110110011111010
0110111100000110
0110111100001001
0110111100110101
0110111100111010
0110111101010011
0110111101011100
0110111101100000
0110111101101111
0110111110010000
0110111110011111
0110111110100011
0110111110101100
0110111111000101
0110111111001010
0110111111110110
0110111111111001
0111000100010111
0111000100011000
0111000100100100
0111000100101011
0111000101000010
0111000101001101
0111000101110001
0111000101111110
0111000110000001
0111000110001110
0111000110110010
0111000110111101
0111000111010100
0111000111011011
0111000111100111
0111000111101000
0111001000010100
0111001000011011
0111001000100111
0111001000101000
0111001001000001
0111001001001110
0111001001110010
0111001001111101
0111001010000010
0111001010001101
0111001010110001
0111001010111110
0111001011010111
0111001011011000
0111001011100100
0111001011101011
0111010000010010
0111010000011101
0111010000100001
0111010000101110
0111010001000111
0111010001001000
0111010001110100
0111010001111011
0111010010000100
0111010010001011
0111010010110111
0111010010111000
0111010011010001
0111010011011110
0111010011100010
0111010011101101
0111011100010001
0111011100011110
0111011100100010
0111011100101101
0111011101000100
0111011101001011
0111011101110111
0111011101111000
0111011110000111
0111011110001000
0111011110110100
0111011110111011
0111011111010010
0111011111011101
0111011111100001
0111011111101110
0111100000010001
0111100000011110
0111100000100010
0111100000101101
0111100001000100
0111100001001011
0111100001110111
0111100001111000
0111100010000111
0111100010001000
0111100010110100
0111100010111011
0111100011010010
0111100011011101
0111100011100001
0111100011101110
0111101100010010
0111101100011101
0111101100100001
0111101100101110
0111101101000111
0111101101001000
0111101101110100
0111101101111011
0111101110000100
0111101110001011
0111101110110111
0111101110111000
0111101111010001
0111101111011110
0111101111100010
0111101111101101
0111110100010100
0111110100011011
0111110100100111
0111110100101000
0111110101000001
0111110101001110
0111110101110010
0111110101111101
0111110110000010
0111110110001101
0111110110110001
0111110110111110
0111110111010111
0111110111011000
0111110111100100
0111110111101011
0111111000010111
0111111000011000
0111111000100100
0111111000101011
0111111001000010
0111111001001101
0111111001110001
0111111001111110
0111111010000001
0111111010001110
0111111010110010
0111111010111101
0111111011010100
0111111011011011
0111111011100111
0111111011101000
1000000100010111
1000000100011000
1000000100100100
1000000100101011
1000000101000010
1000000101001101
1000000101110001
1000000101111110
1000000110000001
1000000110001110
1000000110110010
1000000110111101
1000000111010100
1000000111011011
1000000111100111
1000000111101000
1000001000010100
1000001000011011
1000001000100111
1000001000101000
1000001001000001
1000001001001110
1000001001110010
1000001001111101
1000001010000010
1000001010001101
1000001010110001
1000001010111110
1000001011010111
1000001011011000
1000001011100100
1000001011101011
1000010000010010
1000010000011101
1000010000100001
1000010000101110
1000010001000111
1000010001001000
1000010001110100
1000010001111011
1000010010000100
1000010010001011
1000010010110111
1000010010111000
1000010011010001
1000010011011110
1000010011100010
1000010011101101
1000011100010001
1000011100011110
1000011100100010
1000011100101101
1000011101000100
1000011101001011
1000011101110111
1000011101111000
1000011110000111
1000011110001000
1000011110110100
1000011110111011
1000011111010010
1000011111011101
1000011111100001
1000011111101110
1000100000010001
1000100000011110
1000100000100010
1000100000101101
1000100001000100
1000100001001011
1000100001110111
1000100001111000
1000100010000111
1000100010001000
1000100010110100
1000100010111011
1000100011010010
1000100011011101
1000100011100001
1000100011101110
1000101100010010
1000101100011101
1000101100100001
1000101100101110
1000101101000111
1000101101001000
1000101101110100
1000101101111011
1000101110000100
1000101110001011
1000101110110111
1000101110111000
1000101111010001
1000101111011110
1000101111100010
1000101111101101
1000110100010100
1000110100011011
1000110100100111
1000110100101000
1000110101000001
1000110101001110
1000110101110010
1000110101111101
1000110110000010
1000110110001101
1000110110110001
1000110110111110
1000110111010111
1000110111011000
1000110111100100
1000110111101011
1000111000010111
1000111000011000
1000111000100100
1000111000101011
1000111001000010
1000111001001101
1000111001110001
1000111001111110
1000111010000001
1000111010001110
1000111010110010
1000111010111101
1000111011010100
1000111011011011
1000111011100111
1000111011101000
1001000000000110
1001000000001001
1001000000110101
1001000000111010
1001000001010011
1001000001011100
1001000001100000
1001000001101111
1001000010010000
1001000010011111
1001000010100011
1001000010101100
1001000011000101
1001000011001010
1001000011110110
1001000011111001
1001001100000101
1001001100001010
1001001100110110
1001001100111001
1001001101010000
1001001101011111
1001001101100011
1001001101101100
1001001110010011
1001001110011100
1001001110100000
1001001110101111
1001001111000110
1001001111001001
1001001111110101
1001001111111010
1001010100000011
1001010100001100
1001010100110000
1001010100111111
1001010101010110
1001010101011001
1001010101100101
1001010101101010
1001010110010101
1001010110011010
1001010110100110
1001010110101001
1001010111000000
1001010111001111
1001010111110011
1001010111111100
1001011000000000
1001011000001111
1001011000110011
1001011000111100
1001011001010101
1001011001011010
1001011001100110
1001011001101001
1001011010010110
1001011010011001
1001011010100101
1001011010101010
1001011011000011
1001011011001100
1001011011110000
1001011011111111
1001100100000000
1001100100001111
1001100100110011
1001100100111100
1001100101010101
1001100101011010
1001100101100110
1001100101101001
1001100110010110
1001100110011001
1001100110100101
1001100110101010
1001100111000011
1001100111001100
1001100111110000
1001100111111111
1001101000000011
1001101000001100
1001101000110000
1001101000111111
1001101001010110
1001101001011001
1001101001100101
1001101001101010
1001101010010101
1001101010011010
1001101010100110
1001101010101001
1001101011000000
1001101011001111
1001101011110011
1001101011111100
1001110000000101
1001110000001010
1001110000110110
1001110000111001
1001110001010000
1001110001011111
1001110001100011
1001110001101100
1001110010010011
1001110010011100
1001110010100000
1001110010101111
1001110011000110
1001110011001001
1001110011110101
1001110011111010
1001111100000110
1001111100001001
1001111100110101
1001111100111010
1001111101010011
1001111101011100
1001111101100000
1001111101101111
1001111110010000
1001111110011111
1001111110100011
1001111110101100
1001111111000101
1001111111001010
1001111111110110
1001111111111001
1010000000000101
1010000000001010
1010000000110110
1010000000111001
1010000001010000
1010000001011111
1010000001100011
1010000001101100
1010000010010011
1010000010011100
1010000010100000
1010000010101111
1010000011000110
1010000011001001
1010000011110101
1010000011111010
1010001100000110
1010001100001001
1010001100110101
1010001100111010
1010001101010011
1010001101011100
1010001101100000
1010001101101111
1010001110010000
1010001110011111
1010001110100011
1010001110101100
1010001111000101
1010001111001010
1010001111110110
1010001111111001
1010010100000000
1010010100001111
1010010100110011
1010010100111100
1010010101010101
1010010101011010
1010010101100110
1010010101101001
1010010110010110
1010010110011001
1010010110100101
1010010110101010
1010010111000011
1010010111001100
1010010111110000
1010010111111111
1010011000000011
1010011000001100
1010011000110000
1010011000111111
1010011001010110
1010011001011001
1010011001100101
1010011001101010
1010011010010101
1010011010011010
1010011010100110
1010011010101001
1010011011000000
1010011011001111
1010011011110011
1010011011111100
1010100100000011
1010100100001100
1010100100110000
1010100100111111
1010100101010110
1010100101011001
1010100101100101
1010100101101010
1010100110010101
1010100110011010
1010100110100110
1010100110101001
1010100111000000
1010100111001111
1010100111110011
1010100111111100
1010101000000000
1010101000001111
1010101000110011
1010101000111100
1010101001010101
1010101001011010
1010101001100110
1010101001101001
1010101010010110
1010101010011001
1010101010100101
1010101010101010
1010101011000011
1010101011001100
1010101011110000
1010101011111111
1010110000000110
1010110000001001
1010110000110101
1010110000111010
1010110001010011
1010110001011100
1010110001100000
1010110001101111
1010110010010000
1010110010011111
1010110010100011
1010110010101100
1010110011000101
1010110011001010
1010110011110110
1010110011111001
1010111100000101
1010111100001010
1010111100110110
1010111100111001
1010111101010000
1010111101011111
1010111101100011
1010111101101100
1010111110010011
1010111110011100
1010111110100000
1010111110101111
1010111111000110
1010111111001001
1010111111110101
1010111111111010
1011000100010100
1011000100011011
1011000100100111
1011000100101000
1011000101000001
1011000101001110
1011000101110010
1011000101111101
1011000110000010
1011000110001101
1011000110110001
1011000110111110
1011000111010111
1011000111011000
1011000111100100
1011000111101011
1011001000010111
1011001000011000
1011001000100100
1011001000101011
1011001001000010
1011001001001101
1011001001110001
1011001001111110
1011001010000001
1011001010001110
1011001010110010
1011001010111101
1011001011010100
1011001011011011
1011001011100111
1011001011101000
1011010000010001
1011010000011110
1011010000100010
1011010000101101
1011010001000100
1011010001001011
1011010001110111
1011010001111000
1011010010000111
1011010010001000
1011010010110100
1011010010111011
1011010011010010
1011010011011101
1011010011100001
1011010011101110
1011011100010010
1011011100011101
1011011100100001
1011011100101110
1011011101000111
1011011101001000
1011011101110100
1011011101111011
1011011110000100
1011011110001011
1011011110110111
1011011110111000
1011011111010001
1011011111011110
1011011111100010
1011011111101101
1011100000010010
1011100000011101
1011100000100001
1011100000101110
1011100001000111
1011100001001000
1011100001110100
1011100001111011
1011100010000100
1011100010001011
1011100010110111
1011100010111000
1011100011010001
1011100011011110
1011100011100010
1011100011101101
1011101100010001
1011101100011110
1011101100100010
1011101100101101
1011101101000100
1011101101001011
1011101101110111
1011101101111000
1011101110000111
1011101110001000
1011101110110100
1011101110111011
1011101111010010
1011101111011101
1011101111100001
1011101111101110
1011110100010111
1011110100011000
1011110100100100
1011110100101011
1011110101000010
1011110101001101
1011110101110001
1011110101111110
1011110110000001
1011110110001110
1011110110110010
1011110110111101
1011110111010100
1011110111011011
1011110111100111
1011110111101000
1011111000010100
1011111000011011
1011111000100111
1011111000101000
1011111001000001
1011111001001110
1011111001110010
1011111001111101
1011111010000010
1011111010001101
1011111010110001
1011111010111110
1011111011010111
1011111011011000
1011111011100100
1011111011101011
1100000000000011
1100000000001100
1100000000110000
1100000000111111
1100000001010110
1100000001011001
1100000001100101
1100000001101010
1100000010010101
1100000010011010
1100000010100110
1100000010101001
1100000011000000
1100000011001111
1100000011110011
1100000011111100
1100001100000000
1100001100001111
1100001100110011
1100001100111100
1100001101010101
1100001101011010
1100001101100110
1100001101101001
1100001110010110
1100001110011001
1100001110100101
1100001110101010
1100001111000011
1100001111001100
1100001111110000
1100001111111111
1100010100000110
1100010100001001
1100010100110101
1100010100111010
1100010101010011
1100010101011100
1100010101100000
1100010101101111
1100010110010000
1100010110011111
1100010110100011
1100010110101100
1100010111000101
1100010111001010
1100010111110110
1100010111111001
1100011000000101
1100011000001010
1100011000110110
1100011000111001
1100011001010000
1100011001011111
1100011001100011
1100011001101100
1100011010010011
1100011010011100
1100011010100000
1100011010101111
1100011011000110
1100011011001001
1100011011110101
1100011011111010
1100100100000101
1100100100001010
1100100100110110
1100100100111001
1100100101010000
1100100101011111
1100100101100011
1100100101101100
1100100110010011
1100100110011100
1100100110100000
1100100110101111
1100100111000110
1100100111001001
1100100111110101
1100100111111010
1100101000000110
1100101000001001
1100101000110101
1100101000111010
1100101001010011
1100101001011100
1100101001100000
1100101001101111
1100101010010000
1100101010011111
1100101010100011
1100101010101100
1100101011000101
1100101011001010
1100101011110110
1100101011111001
1100110000000000
1100110000001111
1100110000110011
1100110000111100
1100110001010101
1100110001011010
1100110001100110
1100110001101001
1100110010010110
1100110010011001
1100110010100101
1100110010101010
1100110011000011
1100110011001100
1100110011110000
1100110011111111
1100111100000011
1100111100001100
1100111100110000
1100111100111111
1100111101010110
1100111101011001
1100111101100101
1100111101101010
1100111110010101
1100111110011010
1100111110100110
1100111110101001
1100111111000000
1100111111001111
1100111111110011
1100111111111100
1101000100010010
1101000100011101
1101000100100001
1101000100101110
1101000101000111
1101000101001000
1101000101110100
1101000101111011
1101000110000100
1101000110001011
1101000110110111
1101000110111000
1101000111010001
1101000111011110
1101000111100010
1101000111101101
1101001000010001
1101001000011110
1101001000100010
1101001000101101
1101001001000100
1101001001001011
1101001001110111
1101001001111000
1101001010000111
1101001010001000
1101001010110100
1101001010111011
1101001011010010
1101001011011101
1101001011100001
1101001011101110
1101010000010111
1101010000011000
1101010000100100
1101010000101011
1101010001000010
1101010001001101
1101010001110001
1101010001111110
1101010010000001
1101010010001110
1101010010110010
1101010010111101
1101010011010100
1101010011011011
1101010011100111
1101010011101000
1101011100010100
1101011100011011
1101011100100111
1101011100101000
1101011101000001
1101011101001110
1101011101110010
1101011101111101
1101011110000010
1101011110001101
1101011110110001
1101011110111110
1101011111010111
1101011111011000
1101011111100100
1101011111101011
1101100000010100
1101100000011011
1101100000100111
1101100000101000
1101100001000001
1101100001001110
1101100001110010
1101100001111101
1101100010000010
1101100010001101
1101100010110001
1101100010111110
1101100011010111
1101100011011000
1101100011100100
1101100011101011
1101101100010111
1101101100011000
1101101100100100
1101101100101011
1101101101000010
1101101101001101
1101101101110001
1101101101111110
1101101110000001
1101101110001110
1101101110110010
1101101110111101
1101101111010100
1101101111011011
1101101111100111
1101101111101000
1101110100010001
1101110100011110
1101110100100010
1101110100101101
1101110101000100
1101110101001011
1101110101110111
1101110101111000
1101110110000111
1101110110001000
1101110110110100
1101110110111011
1101110111010010
1101110111011101
1101110111100001
1101110111101110
1101111000010010
1101111000011101
1101111000100001
1101111000101110
1101111001000111
1101111001001000
1101111001110100
1101111001111011
1101111010000100
1101111010001011
1101111010110111
1101111010111000
1101111011010001
1101111011011110
1101111011100010
1101111011101101
1110000100010001
1110000100011110
1110000100100010
1110000100101101
1110000101000100
1110000101001011
1110000101110111
1110000101111000
1110000110000111
1110000110001000
1110000110110100
1110000110111011
1110000111010010
1110000111011101
1110000111100001
1110000111101110
1110001000010010
1110001000011101
1110001000100001
1110001000101110
1110001001000111
1110001001001000
1110001001110100
1110001001111011
1110001010000100
1110001010001011
1110001010110111
1110001010111000
1110001011010001
1110001011011110
1110001011100010
1110001011101101
1110010000010100
1110010000011011
1110010000100111
1110010000101000
1110010001000001
1110010001001110
1110010001110010
1110010001111101
1110010010000010
1110010010001101
1110010010110001
1110010010111110
1110010011010111
1110010011011000
1110010011100100
1110010011101011
1110011100010111
1110011100011000
1110011100100100
1110011100101011
1110011101000010
1110011101001101
1110011101110001
1110011101111110
1110011110000001
1110011110001110
1110011110110010
1110011110111101
1110011111010100
1110011111011011
1110011111100111
1110011111101000
1110100000010111
1110100000011000
1110100000100100
1110100000101011
1110100001000010
1110100001001101
1110100001110001
1110100001111110
1110100010000001
1110100010001110
1110100010110010
1110100010111101
1110100011010100
1110100011011011
1110100011100111
1110100011101000
1110101100010100
1110101100011011
1110101100100111
1110101100101000
1110101101000001
1110101101001110
1110101101110010
1110101101111101
1110101110000010
1110101110001101
1110101110110001
1110101110111110
1110101111010111
1110101111011000
1110101111100100
1110101111101011
1110110100010010
1110110100011101
1110110100100001
1110110100101110
1110110101000111
1110110101001000
1110110101110100
1110110101111011
1110110110000100
1110110110001011
1110110110110111
1110110110111000
1110110111010001
1110110111011110
1110110111100010
1110110111101101
1110111000010001
1110111000011110
1110111000100010
1110111000101101
1110111001000100
1110111001001011
1110111001110111
1110111001111000
1110111010000111
1110111010001000
1110111010110100
1110111010111011
1110111011010010
1110111011011101
1110111011100001
1110111011101110
1111000000000000
1111000000001111
1111000000110011
1111000000111100
1111000001010101
1111000001011010
1111000001100110
1111000001101001
1111000010010110
1111000010011001
1111000010100101
1111000010101010
1111000011000011
1111000011001100
1111000011110000
1111000011111111
1111001100000011
1111001100001100
1111001100110000
1111001100111111
1111001101010110
1111001101011001
1111001101100101
1111001101101010
1111001110010101
1111001110011010
1111001110100110
1111001110101001
1111001111000000
1111001111001111
1111001111110011
1111001111111100
1111010100000101
1111010100001010
1111010100110110
1111010100111001
1111010101010000
1111010101011111
1111010101100011
1111010101101100
1111010110010011
1111010110011100
1111010110100000
1111010110101111
1111010111000110
1111010111001001
1111010111110101
1111010111111010
1111011000000110
1111011000001001
1111011000110101
1111011000111010
1111011001010011
1111011001011100
1111011001100000
1111011001101111
1111011010010000
1111011010011111
1111011010100011
1111011010101100
1111011011000101
1111011011001010
1111011011110110
1111011011111001
1111100100000110
1111100100001001
1111100100110101
1111100100111010
1111100101010011
1111100101011100
1111100101100000
1111100101101111
1111100110010000
1111100110011111
1111100110100011
1111100110101100
1111100111000101
1111100111001010
1111100111110110
1111100111111001
1111101000000101
1111101000001010
1111101000110110
1111101000111001
1111101001010000
1111101001011111
1111101001100011
1111101001101100
1111101010010011
1111101010011100
1111101010100000
1111101010101111
1111101011000110
1111101011001001
1111101011110101
1111101011111010
1111110000000011
1111110000001100
1111110000110000
1111110000111111
1111110001010110
1111110001011001
1111110001100101
1111110001101010
1111110010010101
1111110010011010
1111110010100110
1111110010101001
1111110011000000
1111110011001111
1111110011110011
1111110011111100
1111111100000000
1111111100001111
1111111100110011
1111111100111100
1111111101010101
1111111101011010
1111111101100110
1111111101101001
1111111110010110
1111111110011001
1111111110100101
1111111110101010
1111111111000011
1111111111001100
1111111111110000
1111111111111111
